m = 2.9986556013699397e-10
mabs = 3.345448623962182e-07
stdev = 4.4004687701644263e-07
time = [2.587106704711914 0.01592230796813965]
